20 15
5 9 1 6 2 8 1 1 6 5 0 2 10 1 2 0 
-20 -40 -20 0 -32 -4 -28 -28 -20 -4 -20 -4 -36 -12 -36 -32 
-15 -50 -50 -15 -15 0 -50 0 -25 -40 -40 -45 0 -20 -45 -50 
4 6 3 0 2 10 1 5 3 6 6 1 4 0 1 8 
72 24 24 80 72 32 16 32 80 16 72 72 16 40 8 48 
1 2 5 8 10 8 1 10 9 7 2 3 4 7 7 8 
9 1 10 6 5 3 8 7 4 7 0 9 2 5 10 8 
0 2 9 6 3 0 1 3 9 9 9 4 8 8 4 8 
4 0 4 5 0 2 9 9 3 8 0 10 1 0 1 4 
3 10 10 3 3 0 10 0 5 8 8 9 0 4 9 10 
10 4 6 1 3 8 7 1 3 4 1 4 9 6 9 8 
0 81 27 0 81 45 72 0 54 81 63 45 63 0 63 72 
2 3 10 1 10 0 1 3 4 0 3 9 8 5 7 3 
9 3 3 10 9 4 2 4 10 2 9 9 2 5 1 6 
9 8 2 2 6 2 9 8 6 10 2 10 4 5 2 3 
0 9 3 0 9 5 8 0 6 9 7 5 7 0 7 8 
5 10 5 0 8 1 7 7 5 1 5 1 9 3 9 8 
-9 -1 -10 -6 -5 -3 -8 -7 -4 -7 0 -9 -2 -5 -10 -8 
2 5 0 9 0 5 10 0 6 5 4 7 5 2 6 8 
8 1 10 4 6 2 6 5 10 4 9 4 4 1 8 4 
0.0001