-2.064535
2.042273
1.176102
-0.261152
-0.373640
2.136873
-0.086138
-0.279660
-1.317199
0.905567
1.514669
-1.569279
2.207607
-0.974158
-2.879704
-1.165546
-3.822008
-1.440402
-1.710753
-2.275257
-0.979123
-2.743949
-2.032165
-0.199093
0.402186
1.792425
1.345815
-2.535979
-0.656336
0.862182
-1.586237
-2.026710
-1.992667
-0.745138
0.442517
1.337462
-2.319464
2.067369
-3.193970
3.918414
0.921805
-1.758294
-1.712019
-1.356073
-2.765113
-1.401466
-1.315206
-0.343026
-0.240436
4.789882
-0.194791
-0.509970
-0.707111
1.210021
3.957767
-1.020859
0.395577
2.925834
1.033639
-2.569994
0.872820
-0.471785
-3.526347
0.781390
-0.515784
-2.241709
0.314536
-2.950265
2.242656
-1.710045
2.076436
-2.163825
1.902469
-1.764645
-0.548274
-1.963693
3.739851
1.521271
-3.576023
-3.139419
1.186742
0.633155
-0.682754
1.373662
-1.419967
-1.344142
-0.493098
-1.132211
0.703909
0.178459
-0.073229
-0.192885
1.917134
-1.385277
-2.927085
0.400718
-0.593951
-1.953003
0.390615
-2.447207
-2.707491
-0.650667
0.160114
-1.599084
0.027497
-2.002508
-0.358900
-0.713496
-0.793075
1.370158
-0.473900
0.546643
-0.327798
1.543737
-3.453969
-3.921831
-1.325134
2.625688
-0.881247
-0.006243
-0.967710
1.660002
1.027017
0.394881
-1.798917
5.847700
-3.952421
-0.412587
1.738112
-0.907210
1.983321
0.863761
-0.348386
2.401743
-1.144144
0.103397
0.586651
-0.496353
1.662382
-3.430385
1.905625
-0.056404
0.745767
1.532960
-0.383744
-4.290105
2.693315
0.913160
-0.229712
0.231656
1.089695
-0.884186
0.678706
-1.595831
-2.276989
0.610152
2.925920
0.755844
-0.105045
0.317961
-0.589522
3.796171
-0.166146
1.677690
1.524398
-2.761407
0.270764
-1.033298
1.749416
-1.149187
-0.581624
1.633136
-2.267077
-1.366954
-1.199311
0.243921
-2.417511
-1.075028
0.692165
-0.574964
2.159637
-1.290724
1.924187
0.617900
1.593831
1.888568
-0.967200
-1.490338
-0.821395
3.284970
1.286318
1.079405
-1.087313
-1.932922
-1.549969
0.710184
-0.446196
1.925290
-0.349417
2.292669
-5.234268
1.334499
2.548958
1.339225
-3.542019
-0.542021
-2.311727
1.445175
-1.949010
-0.465620
-0.833743
-1.749377
0.457367
1.370338
-0.092404
0.780362
-3.487067
-1.142578
-1.838364
0.938867
-2.114470
-0.990929
-2.310281
-4.206869
-0.735338
-0.243299
0.579178
0.554376
1.785564
-1.901387
2.937500
1.179125
-1.962462
-0.669717
-1.668803
-1.123809
1.786434
1.433872
1.182873
-2.374130
-0.851793
0.628259
-1.529543
1.901641
0.627885
2.572882
-2.228515
1.068115
-1.603165
-3.721856
-3.683255
-0.322450
-1.296343
-0.470930
4.068844
-2.404651
0.391499
-0.101030
0.603889
-3.546254
-0.512483
-4.467612
-0.688184
2.825108
-2.799489
-3.472756
-1.809117
1.408028
-4.140138
1.068271
-1.610367
0.514590
0.879444
2.159876
-2.740162
3.197517
-2.563827
1.098661
1.709487
-0.557764
2.433786
-1.497025
-0.182953
0.076403
-1.454200
1.975960
-1.283491
-4.168180
-1.749585
-0.783339
1.695356
-4.479085
1.331318
2.406282
0.989015
1.683914
0.215750
1.074777
-0.087282
-0.486363
1.238382
2.048047
0.827067
-3.033456
1.495435
-2.825308
-0.840847
-3.111526
-1.059884
1.530182
1.379293
-0.212312
1.673766
-0.444631
-0.054855
2.663437
-1.847104
1.670066
-1.010894
3.320556
-2.670489
-0.168486
0.110294
0.832415
-2.062089
-2.784550
1.441699
0.511990
1.199053
5.736794
-0.067482
1.183774
-0.769633
0.931123
-1.242237
3.026640
2.975998
-0.658951
0.788256
1.272181
2.995396
0.385685
0.233846
2.663354
-0.202838
-0.008149
-1.117523
1.138132
4.319965
2.010513
0.554988
-3.344483
1.270015
-2.730606
-0.034322
1.883695
1.453749
4.098560
-0.785422
2.368369
1.119726
-1.410614
-1.162701
1.285718
0.424291
0.349712
-1.383113
0.907830
-0.568915
-2.801674
-0.871097
-0.255660
-1.510298
-0.453505
5.018998
-1.679037
0.292239
2.650626
-1.948925
-1.526501
-0.465461
-2.280531
-3.125658
1.609848
-2.460181
2.226185
-1.588745
-1.093284
1.765686
-2.386019
-0.322519
-2.883327
-0.381766
3.322024
-1.149493
-2.929927
2.235986
3.918019
1.963801
-1.433915
2.956470
2.555630
-1.759818
-4.206175
1.577077
-0.678626
1.608804
0.790366
1.814666
1.098244
-0.781847
-2.373009
0.251053
-1.625973
-0.228934
-1.703738
2.294938
-1.329674
0.991286
1.770346
-1.717685
0.504658
0.984226
1.522222
2.248308
2.722745
-2.505452
-0.462063
-0.828901
0.911422
2.230762
-0.383764
3.396676
-2.250230
-2.119426
1.595630
0.915491
-0.558628
1.585254
-2.475274
-1.207688
-2.399972
-1.044327
-0.699490
1.983245
-1.359610
-0.428502
0.852542
-0.507870
-0.297035
-2.988304
-3.212804
-1.524915
0.503702
-0.646467
-0.132174
1.857480
2.238046
-0.017259
0.784417
0.669402
0.707658
0.997796
2.175550
-0.122044
0.984272
-0.796349
0.730091
3.712186
-3.593316
1.118934
1.189449
2.075847
-0.513925
-1.740652
0.653533
-3.163730
1.183888
-1.925681
-2.199556
1.237049
-0.174926
2.155974
1.470391
-2.440398
1.197680
-0.813541
0.070745
-0.903065
-1.453569
0.814726
2.489000
-0.326043
-1.198139
0.105208
2.393183
0.096476
-3.142443
1.211398
-2.062715
2.426041
-0.719390
0.998048
0.689294
0.297190
1.212347
0.962153
-2.504656
0.058357
-0.935058
1.150810
-2.217408
-0.772749
-1.274846
-0.341709
-4.195298
-1.968028
-0.492299
-0.342669
-1.399023
2.270344
2.637527
0.756373
-1.600392
-1.175123
1.204871
0.573311
2.119967
-3.422445
1.691382
1.707904
-0.257944
-0.450987
-0.991614
-4.117427
0.813320
0.916259
0.229385
0.855418
-0.787878
0.090011
-0.218916
-2.063237
0.797472
-0.397185
-0.200102
-1.903371
-0.065208
-1.976688
1.318857
-0.089087
-2.812271
1.345789
-0.197763
-1.906976
-0.318029
1.713458
-1.084288
-2.632694
1.833340
3.933953
-1.826226
2.193751
-0.466395
-0.857623
-2.156364
1.678930
0.394155
-2.019994
0.938558
-0.535733
-1.472078
-0.902490
-1.172607
-1.337554
1.211717
0.100048
2.247489
-1.848005
-0.330962
1.730156
0.721956
-1.248187
-2.587596
1.264785
4.024917
0.351028
0.581705
-0.787032
-0.397456
2.090350
0.101086
-1.018937
-1.656846
0.149839
-1.391492
-1.451773
-5.848326
5.350881
-0.073360
-4.664892
-2.594641
2.000179
3.666746
0.708148
2.518843
-1.525222
-1.324781
-1.750510
-1.401056
-2.066210
-1.757541
1.395418
-3.920807
0.280967
-2.841956
2.139290
-2.029926
-1.108664
0.102879
2.086394
0.893424
3.603051
-3.527745
1.207179
0.531038
2.578935
-1.353823
0.386987
-1.311993
-3.376355
-1.934601
1.693931
1.725967
-3.675152
3.907570
0.124051
4.059647
-0.736249
3.448133
-3.350026
-0.616349
-1.910661
-2.959816
1.394093
-0.004706
1.405694
-1.381251
-0.497218
0.047641
-2.171225
2.356365
-2.323141
2.582085
1.254639
1.540569
2.552500
0.697007
-1.066728
0.050665
0.035997
-1.649061
0.636482
-0.086277
-2.508891
0.302090
-2.293503
2.043520
1.281153
0.268530
1.293580
-2.790376
4.311551
0.867182
-2.203997
-4.056968
0.668269
2.244868
-1.050362
-4.328368
-0.826199
0.337334
0.221566
-1.268343
-1.837786
-1.085383
1.667527
-0.811462
-1.085097
1.299308
0.769301
-1.554957
-0.174422
0.506945
-1.456796
-0.703821
-2.508704
-4.426173
0.618172
0.353757
2.211224
-1.203640
-1.749739
-2.674997
-4.161859
-0.012371
-0.809390
0.902328
4.336168
-0.141235
3.127032
0.138178
0.713613
0.419467
1.969394
1.224806
2.160543
1.051302
-1.370922
0.461165
0.744223
-0.642367
-0.577216
-0.232168
2.303609
-3.741070
-2.021213
-1.243483
-1.752979
-3.060553
2.070004
-2.797047
-0.355904
-3.773288
0.833382
1.855914
2.595659
-1.775544
-0.328134
2.215120
-2.114714
1.908112
1.636206
-2.586365
-0.765616
3.613454
-0.920460
-0.025315
0.582598
-2.151633
4.732768
2.126608
0.557411
2.035346
-0.940747
0.772131
-1.669571
-1.473511
-2.283320
-0.501486
0.258101
0.361663
1.345955
1.843817
2.458150
1.737896
-0.238450
2.145052
-3.878489
-2.943246
1.415834
1.707115
4.689598
-0.710396
-0.369227
-0.084779
0.239045
-2.179700
-0.477214
-1.433941
1.545235
3.095447
2.607680
-1.487566
-4.073590
3.216141
2.666814
0.137902
-2.682283
-1.477228
-3.031076
0.770463
0.467867
-1.138695
-1.043152
2.073668
1.102205
-0.264005
-3.361661
-4.683445
-0.643295
-4.225685
-1.065321
1.215684
-0.939449
0.930039
2.165089
-0.631434
-1.578148
-0.671078
-5.046433
0.980774
-1.877727
2.726819
-2.653261
-4.165542
-2.849234
0.680439
2.003983
0.943951
-2.622107
-0.148332
-1.179399
-1.518157
1.215683
1.282591
-2.172725
-0.822308
-0.835852
-0.726788
0.155408
-0.118780
1.245349
-0.742269
-2.193007
-0.413559
-0.489370
0.681460
2.883715
0.742753
1.480837
-0.651646
-0.755456
0.346105
1.486803
-2.529653
-0.382062
-1.300068
-0.236127
2.389342
-2.601354
-2.182579
0.050324
1.449932
0.101934
-1.104921
-0.562954
0.397261
-2.017519
2.937050
2.183903
-1.357439
3.008149
1.098007
0.849126
0.017872
1.554830
3.881600
0.789914
-0.282796
0.576354
-0.423964
0.909061
-0.626270
-0.515918
0.973342
0.506586
0.760288
-0.920837
1.837559
-1.929670
-2.798061
-1.713483
-0.926435
-0.435198
1.475966
0.266677
1.699261
-2.427135
-1.321102
-4.695821
1.153521
1.997494
3.541151
-1.385511
1.770523
0.671659
-1.318680
-0.040003
-1.013935
-3.140563
-1.224361
-1.656303
3.845505
0.454257
0.506737
1.725130
2.152149
-0.104124
-0.706733
-0.127557
0.526853
0.339241
1.241171
-1.834348
2.100692
-0.917615
-2.302176
-0.867170
-1.047130
1.402869
1.381445
1.049886
1.779035
0.536514
-1.732644
-1.473834
-0.621757
-0.544254
0.040071
-1.195467
-1.047124
-2.425004
2.487162
1.283500
0.499863
-2.343740
-1.506875
1.595486
-1.770681
-0.160978
1.907473
-1.991382
-1.055405
-0.049846
-1.032340
-2.120845
2.004276
1.135349
-2.141503
-1.384863
-2.449303
2.395803
0.920317
2.146629
1.289371
-0.870606
1.888540
0.779389
-1.252627
-2.419382
1.293642
1.312874
-0.301730
0.601787
-2.885550
-0.360045
-0.332951
0.804801
-1.004555
-0.102049
0.302776
0.821879
0.105022
-2.734292
-1.984139
0.142255
-0.671314
-0.607478
0.611630
-2.449994
-0.506566
-2.065953
2.231915
-1.353212
-1.805702
0.399142
2.823162
3.684808
-1.726331
-3.874443
-0.546651
-0.110892
-1.116297
-0.977425
-2.178182
-0.624688
-1.355823
2.519047
0.588495
